As Reported Annual Cash Flow ,,,,,,,,,,,,,,,,,,,
Report Date,12/31/2023,,12/31/2022,,12/31/2021,,12/31/2020,,12/31/2019,,12/31/2018,,12/31/2017,,12/31/2016,,12/31/2015,,12/31/2014
Currency,CNY,,CNY,,CNY,,CNY,,CNY,,CNY,,CNY,,CNY,,CNY,,CNY
Audit Status,Not Qualified,,Not Qualified,,Not Qualified,,Not Qualified,,Not Qualified,,Not Qualified,,Not Qualified,,Not Qualified,,Not Qualified,,Not Qualified
Consolidated,Yes,,Yes,,Yes,,Yes,,Yes,,Yes,,Yes,,Yes,,Yes,,Yes
Scale,Billions,,Billions,,Billions,,Billions,,Billions,,Billions,,Billions,,Billions,,Billions,,Billions
Cash received from sale of goods & rendering of services,-,,413.209,,202.666,,138.667,,107.166,,103.813,,94.341,,-,,-,,-
Refund of taxes & levies,-,,7.628,,4.855,,6.412,,3.066,,3.041,,1.338,,-,,-,,-
Other cash received relating to operating activities,-,,20.543,,5.897,,3.643,,3.491,,5.706,,1.635,,-,,-,,-
Profit before tax,-,,-,,-,,-,,-,,-,,-,,6.568,,3.795,,0.874
Finance costs,-,,-,,-,,-,,-,,-,,-,,1.8,,1.517,,1.397
Share of profits & losses of joint ventures & associates,-,,-,,-,,-,,-,,-,,-,,0.6,,0.243,,0.122
Bank interest income,-,,-,,-,,-,,-,,-,,-,,-0.153,,-0.053,,-0.105
Dividend income from available-for-sale investments,-,,-,,-,,-,,-,,-,,-,,-0.005,,-0.001,,-
Government grants & subsidies,-,,-,,-,,-,,-,,-,,-,,-0.205,,-0.159,,-0.254
Loss on disposal of items of non-current assets,-,,-,,-,,-,,-,,-,,-,,0.137,,0.036,,-0.22
Loss (gain) on disposal of subsidiaries,-,,-,,-,,-,,-,,-,,-,,0.158,,-1.438,,-0.186
Gain on settlment of available-for-sale investments,-1.635,,-,,-,,-,,-,,-,,-,,-,,-,,-
Fair value loss (gains) - available-for-sale investments (transfer from equity on disposal),-,,-,,-,,-,,-,,-,,-,,0.018,,-,,-0.004
Loss (gain) on disposal of derivative financial instrument,-,,-,,-,,-,,-,,-,,-,,-0.026,,-0.013,,-
Gain on disposal of finance product,-,,-,,-,,-,,-,,-,,-,,-0.001,,-,,-
Loss (gain) on disposal of investment in associates,-,,-,,-,,-,,-,,-,,-,,-,,-0.001,,-
Loss (gain) on disposal of investment in a joint-controlled entity,-,,-,,-,,-,,-,,-,,-,,0.001,,-,,-
Depreciation,-,,-,,-,,-,,-,,-,,-,,5.309,,4.486,,3.704
Impairment of inventories,-,,-,,-,,-,,-,,-,,-,,0.357,,0.181,,0.16
Impairment of trade receivables,-,,-,,-,,-,,-,,-,,-,,0.124,,0.235,,0.089
"Impairment of prepayments, deposits & other receivables",-,,-,,-,,-,,-,,-,,-,,-,,0.055,,-
Impairment losses of trade receivables reversed,-,,-,,-,,-,,-,,-,,-,,-0.086,,-0.035,,-0.071
"Impairment losses of prepayments, deposits & other receivables reversed",-,,-,,-,,-,,-,,-,,-,,0,,-,,-
"Impairment of items of property, plant & equipment",-,,-,,-,,-,,-,,-,,-,,-,,-,,0.078
Impairment of other intangible assets,-,,-,,-,,-,,-,,-,,-,,0.17,,0.117,,0.037
Impairment of investment in associate,-,,-,,-,,-,,-,,-,,-,,0.001,,-,,-
Recognition of prepaid land lease payments,-,,-,,-,,-,,-,,-,,-,,0.111,,0.103,,0.103
Amortization of other intangible assets,-,,-,,-,,-,,-,,-,,-,,1.608,,0.828,,0.509
Cash flow before changes in working capital,-,,-,,-,,-,,-,,-,,-,,16.485,,9.893,,6.232
Decrease (increase) in inventories,-7.602,,-36.565,,-12.893,,-6.702,,0.284,,-6.585,,-2.727,,-1.985,,-6.224,,-1.918
Decrease (increase) in trade & bills receivables,-,,-,,-,,-,,-,,-,,-,,-19.086,,-5.282,,-9.319
"Decrease (increase) in prepayments, deposits & other receivables",-,,-,,-,,-,,-,,-,,-,,-0.076,,0.29,,-0.623
Decrease (increase) in amounts due from joint ventures & associates,-,,-,,-,,-,,-,,-,,-,,-0.74,,-1.162,,-0.727
Decrease (increase) in long term receivables,-,,-,,-,,-,,-,,-,,-,,-0.188,,0.25,,-0.281
Decrease (increase) in property under development,-,,-,,-,,-,,-,,-,,-,,-0.009,,-0.041,,-0.003
Cash from Sale of Goods & Services,572.705,,-,,-,,-,,-,,-,,-,,-,,-,,-
Decrease (increase) in derivative financial instruments,-,,-,,-,,-,,-,,-,,-,,-,,-0.018,,-
Sub-total of cash inflows from operating activities,-,,441.38,,213.419,,148.722,,113.722,,112.56,,97.313,,-,,-,,-
Cash paid for goods & services,-313.433,,-220.843,,-104.399,,-69.26,,-70.932,,-72.578,,-68.095,,-,,-,,-
Increase (decrease) in advances from customers,-,,-,,-,,-,,-,,-,,-,,-0.587,,-1.139,,2.246
Cash paid to & on behalf of employees,-84.288,,-53.52,,-28.76,,-22.521,,-20.316,,-18.825,,-15.483,,-,,-,,-
Decrease (increase) in completed property held for sale,-,,-,,-,,-,,-,,-,,-,,0.022,,0.012,,0.534
Increase (decrease) in trade & bills payables,112.737,,-,,-,,-,,-,,-,,-,,3.734,,5.6,,3.057
Increase (decrease) in other payables,-,,-,,-,,-,,-,,-,,-,,1.238,,0.904,,0.731
Increase (decrease) in amounts due to joint ventures,-,,-,,-,,-,,-,,-,,-,,-,,-,,0.024
Other cash paid relating to operating activities,-14.844,,-7.643,,-6.988,,-5.38,,-4.144,,-4.264,,-3.773,,-,,-,,-
Increase (decrease) in amounts due to joint ventures & associates,-,,-,,-,,-,,-,,-,,-,,0.07,,0.369,,-
Increase (decrease) in amounts due to related parties,-,,-,,-,,-,,-,,-,,-,,-0.238,,0.368,,0.062
Increase (decrease) in provision for warranties,-,,-,,-,,-,,-,,-,,-,,0.514,,0.37,,0.109
Cash generated from operations,-,,-,,-,,-,,-,,-,,-,,-0.846,,4.188,,0.126
Interest received,-,,-,,-,,-,,-,,-,,-,,0.153,,0.053,,0.105
Taxes paid,-,,-18.537,,-7.805,,-6.168,,-3.589,,-4.371,,-3.595,,-1.152,,-0.399,,-0.192
Depreciation of Property/Plant/Equipment,37.715,,-,,-,,-,,-,,-,,-,,-,,-,,-
Credit impairment loss,1.58,,-,,-,,-,,-,,-,,-,,-,,-,,-
Investment Property,0.002,,-,,-,,-,,-,,-,,-,,-,,-,,-
Depreciation of right-of-use assets,1.39,,-,,-,,-,,-,,-,,-,,-,,-,,-
Net cash flows from operating activities,169.725,,140.838,,65.467,,45.393,,14.741,,12.523,,6.368,,-1.846,,3.842,,0.038
"Purchases of items of property, plant & equipment",-,,-,,-,,-,,-,,-,,-,,-4.839,,-4.091,,-2.137
Decrease (increase) in non-current prepayment,-,,-,,-,,-,,-,,-,,-,,-6.194,,-6.218,,-4.337
Increase in prepaid land lease payments,-,,-,,-,,-,,-,,-,,-,,-0.643,,-0.322,,-0.19
Investment in short-term deposits,-,,-,,-,,-,,-,,-,,-,,-0.253,,-0.635,,-0.349
Withdrawal of short-term deposits,-,,-,,-,,-,,-,,-,,-,,0.274,,0.506,,0.41
Receipt of government grants,-,,-,,-,,-,,-,,-,,-,,0.076,,0.605,,0.153
Disposal of a subsidiary,0.123,,-,,-,,-,,-,,-,,-,,0.01,,0.526,,0.186
Disposal of a jointly-controlled entity,-,,-,,-,,-,,-,,-,,-,,0,,-,,-
Disposal of associates,-,,-,,-,,-,,-,,-,,-,,0.006,,0.001,,-
Additions to other intanigble assets,-,,-,,-,,-,,-,,-,,-,,-1.377,,-1.66,,-1.915
Receipt of disposal of derivative financial instrument,-,,-,,-,,-,,-,,-,,-,,0.026,,0.013,,-
Receipt of investment income from a jointly-controlled entity,-,,-,,-,,-,,-,,-,,-,,-,,0.001,,-
Dividend income from available-for-sale investments,-,,-,,-,,-,,-,,-,,-,,0.005,,-,,-
"Proceeds from disposal of items of property, plant & equipment & other intangibles assets",-,,-,,-,,-,,-,,-,,-,,0.197,,1.809,,0.797
Increase in other payables,-,,-,,-,,-,,-,,-,,-,,-,,-,,0.01
Proceeds from settlement of available-for-sale investments,-,,-,,-,,-,,-,,-,,-,,-,,-,,0.004
Withdrawal of available-for-sale investments,-,,-,,-,,-,,-,,-,,-,,0.016,,-,,-
Acquisition of subsidiary,-14.078,,-,,-,,-,,-,,-,,-,,-,,-,,-
Purchases of available-for-sale investments,-2.085,,-,,-,,-,,-,,-,,-,,-,,-,,-0.03
Decrease (increase) in financial product,-,,-,,-,,-,,-,,-,,-,,0.201,,-0.2,,-
Capital contribution to associates,-,,-,,-,,-,,-,,-,,-,,-0.014,,-0.076,,-0.071
Capital contributions to joint ventures,-,,-,,-,,-,,-,,-,,-,,-0.913,,-0.71,,-0.431
Prepayment of shareholding in a subsidiary,-,,-,,-,,-,,-,,-,,-,,-,,-0.285,,-
Net cash received from disposal of subsidiaries and other business units,0.074,,-,,-,,-,,-,,-,,-,,-,,-,,-
Investment income received,0.192,,-,,-,,-,,-,,-,,-,,-,,-,,-
Other Cash from Investing Activities,22.246,,-,,-,,-,,-,,-,,-,,-,,-,,-
"Cash paid for purchase and construction of fixed assets, intangible assets and other long-term assets",-122.094,,-,,-,,-,,-,,-,,-,,-,,-,,-
Cash paid for other investing activities,-10.513,,-,,-,,-,,-,,-,,-,,-,,-,,-
Net cash flows from (used in) investing activities,-125.664,,-120.596,,-45.404,,-14.444,,-20.881,,-14.231,,-15.964,,-13.421,,-10.736,,-7.901
Proceeds from issue of a perpetual loan,-,,-,,-,,-,,-,,-,,-,,0.596,,3.2,,-
Proceeds from issue of corporate bonds,-,,-,,-,,-,,-,,-,,-,,-,,1.5,,-
Corporate bonds issue expenses,-,,-,,-,,-,,-,,-,,-,,-,,-0.008,,-
Proceeds from issue of shares,-,,-,,-,,-,,-,,-,,-,,14.473,,-,,3.395
Share issue expenses,-,,-,,-,,-,,-,,-,,-,,-0.104,,-,,-0.053
Establishment of minority interest of subsidiaries,-,,-,,-,,-,,-,,-,,-,,-,,-,,0.1
New borrowings,-,,-,,-,,-,,-,,-,,-,,31.223,,24.534,,26.337
Repayment of borrowings,-27.231,,-44.049,,-49.879,,-67.124,,-68.599,,-57.557,,-36.249,,-26.691,,-18.761,,-21.022
Interest paid,-,,-,,-,,-,,-,,-,,-,,-1.971,,-1.726,,-1.644
Dividends paid,-,,-,,-,,-,,-,,-,,-,,-,,-0.037,,-0.124
Perpetual loan interest distributed,-,,-,,-,,-,,-,,-,,-,,-0.185,,-,,-
Dividends paid to non-controlling shareholder,-,,-,,-,,-,,-,,-,,-,,-0.052,,-,,-0.022
Dividends paid to owners of the parent,-,,-,,-,,-,,-,,-,,-,,-1.001,,-,,-
Decrease (increase) in pledged deposits,-,,-,,-,,-,,-,,-,,-,,-0.018,,0.047,,0.304
Net cash flows from (used in) financing activities,12.817,,-19.489,,16.063,,-28.907,,6.61,,3.917,,11.168,,16.27,,8.75,,7.271
Net increase (decrease) in cash & cash equivalents,-,,1.363,,36.081,,2.064,,0.523,,2.215,,1.577,,1.003,,1.856,,-0.592
Cash & cash equivalents at beginning of year,51.182,,49.82,,13.738,,11.674,,11.151,,8.936,,7.359,,6.011,,3.95,,4.511
"Effect of foreign exchange rate changes, net",-,,-,,-,,-,,-,,-,,-,,0.097,,0.205,,0.031
Cash & cash equivalents at end of year,108.512,,51.182,,49.82,,13.738,,11.674,,11.151,,8.936,,7.111,,6.011,,3.95
Sub-total of cash outflows from operating activities,-,,-300.542,,-147.952,,-103.329,,-98.981,,-100.038,,-90.946,,-,,-,,-
Net profit (loss),31.344,,17.713,,3.967,,6.014,,2.119,,3.556,,4.917,,-,,-,,-
Provision for asset impairment,-,,2.376,,0.857,,0.907,,0.159,,0.686,,0.243,,-,,-,,-
Depreciation of fixed assets & production biological assets & depletion of oil & gas assets,-,,14.605,,10.877,,9.242,,8.104,,7.589,,5.751,,-,,-,,-
Amortization of intangible assets,4.174,,5.099,,2.928,,3.073,,1.477,,1.809,,1.333,,-,,-,,-
Amortization of long-term deferred expenses,0.27,,0.082,,0.027,,0.031,,0.043,,0.026,,0.008,,-,,-,,-
Depreciation & amortization of investment real estate,-,,-,,0.003,,0.003,,0.002,,0.002,,-,,-,,-,,-
"Loss (gain) on disposal of fixed assets, intangible assets & other long-term assets",1.054,,0.876,,0.113,,0.376,,0.1,,0.019,,0.055,,-,,-,,-
Loss (gain) from changes in fair value,-0.258,,-0.126,,-0.047,,0.051,,-0.01,,0.005,,0.118,,-,,-,,-
Finance expenses,0.53,,0.616,,1.908,,3.124,,3.487,,3.481,,2.343,,-,,-,,-
Loss arising from investments,2.188,,0.769,,-0.032,,-0.027,,0.29,,-0.248,,0.206,,-,,-,,-
Decrease in deferred income tax assets,-2.175,,-1.774,,-0.144,,-0.393,,-0.338,,-0.13,,-0.132,,-,,-,,-
Increase in deferred income tax liabilities,0.775,,1.205,,0.143,,0.429,,0.248,,0.242,,-0.034,,-,,-,,-
Decrease in operating receivables,-12.641,,-17.547,,1.383,,1.55,,8.068,,-4.386,,-19.636,,-,,-,,-
Increase in operating payables,-,,152.529,,55.595,,26.515,,-9.983,,6.498,,14.167,,-,,-,,-
Other cash flows from operating activities,0.276,,0.394,,0.121,,0.248,,0.214,,-0.042,,-0.245,,-,,-,,-
Net cash flows from operating activities - indirect,-,,140.838,,65.467,,45.393,,14.741,,12.523,,6.368,,-,,-,,-
"Cash paid to acquire fixed assets, intangible assets & other long-term assets",-,,-97.457,,-37.344,,-11.774,,-20.627,,-17.842,,-14.777,,-,,-,,-
Cash paid to acquire investments,-,,-10.573,,-3.527,,-1.837,,-1.089,,-0.829,,-1.607,,-,,-,,-
Net cash paid to acquire subsidiaries & other business units,-,,-,,-,,-,,-,,-0.027,,-,,-,,-,,-
Other cash paid relating to investing activities,-,,-25.877,,-17.256,,-19.652,,-1.566,,-1.708,,-3.213,,-,,-,,-
Sub-total of cash outflows from investing activities,-,,-133.907,,-58.126,,-33.263,,-23.282,,-20.407,,-19.596,,-,,-,,-
Cash received from disposal of investments,-,,0.014,,-,,-,,-,,0.024,,0.014,,-,,-,,-
Cash received from investment income,-,,0.129,,0.204,,0.245,,0.068,,0.074,,0.041,,-,,-,,-
"Net cash received from disposal of fixed assets, intangible assets & other long-term assets",0.471,,0.268,,0.826,,0.259,,0.413,,3.936,,0.214,,-,,-,,-
Net cash received from disposal of subsidiaries & other business units,-,,-,,0.222,,0.098,,-0.006,,0.46,,-,,-,,-,,-
Other cash received relating to investing activities,-,,12.899,,11.469,,18.216,,1.925,,1.682,,3.363,,-,,-,,-
Sub-total of cash inflows from investing activities,-,,13.311,,12.722,,18.818,,2.401,,6.176,,3.632,,-,,-,,-
Cash received from capital contributions,-,,0.508,,37.314,,2.8,,0.002,,0.011,,-,,-,,-,,-
Cash from borrowings,45.304,,-,,-,,-,,-,,-,,-,,-,,-,,-
Proceeds from borrowings,-,,27.636,,32.872,,40.634,,58.478,,52.965,,46.033,,-,,-,,-
Proceeds from issuance of bonds,-,,-,,-,,2,,20,,14.1,,4.5,,-,,-,,-
Other cash received relating to financing activities,-,,3.031,,-,,-,,1.316,,-,,3.3,,-,,-,,-
Cash received from capital contributions,0.098,,-,,-,,-,,-,,-,,-,,-,,-,,-
Sub-total of cash inflows from financing activities,-,,31.175,,70.186,,45.434,,79.796,,67.076,,53.833,,-,,-,,-
"Cash paid for dividends, profit distribution & interest",0.028,,-1.633,,-2.619,,-3.686,,-4.389,,-4.12,,-3.201,,-,,-0.037,,-0.124
Other cash paid relating to financing activities,-1.281,,-4.982,,-1.625,,-3.531,,-0.198,,-1.482,,-3.214,,-,,-,,-
Cash Paid for Dividend and Interest,-4.102,,-,,-,,-,,-,,-,,-,,-,,-,,-
Sub-total of cash outflows from financing activities,-,,-50.664,,-54.124,,-74.341,,-73.186,,-63.159,,-42.665,,-,,-,,-
Effect of foreign exchange rate changes on cash & cash equivalents,0.451,,0.61,,-0.044,,0.023,,0.053,,0.006,,0.006,,-,,-,,-
Refund of Taxes,15.165,,-,,-,,-,,-,,-,,-,,-,,-,,-
All Taxes Paid,-29.528,,-,,-,,-,,-,,-,,-,,-,,-,,-
Other Cash Paid for Operating Activities,23.948,,-,,-,,-,,-,,-,,-,,-,,-,,-
Reconciliation to Operating Cash Flow,169.725,,-,,-,,-,,-,,-,,-,,-,,-,,-
